11.85071
59.6531
41.08137
22.99754
92.80542
95.01967
47.87687
144.25325
116.37092
52.69723
115.66741
44.2812
6.6179
27.94417
17.20224
-2.89947
-37.9822
-105.82551
-100.00331
-103.94135
-79.9485
-51.65517
-38.84835
-40.48034
-47.71051
-24.1858
73.01718
63.44297
45.78777
69.11956
136.85367
118.7924
59.46817
30.5783
58.96551
39.53245
-35.01679
-103.64375
-44.45361
-111.01401
-132.51872
-93.26352
-84.66441
-73.12253
-26.70773
10.49009
30.64859
86.64823
66.21108
55.709
35.47469
-7.24434
-34.52932
-44.57346
-98.4886
-95.44064
-121.88221
-53.66284
-22.54913
-11.74002
51.89968
117.29163
44.7723
75.5423
42.23706
88.42336
55.15227
-11.56197
-83.72173
-64.58475
-146.08329
-69.74028
-2.35015
57.86311
71.60553
130.86678
79.05034
61.55861
5.85742
26.4664
-73.0357
-129.65232
-131.81045
-117.0718
-9.5772
28.97729
23.15717
133.99227
63.03698
96.70457
38.07704
-42.11462
-50.60941
-140.78732
-49.17325
-106.08144
17.8986
21.16773
93.15228
58.21804