3.93333
3.18358
2.15358
1.29018
0.8873
0.92332
1.08283
0.94985
0.26035
-0.93238
-2.27567
-3.30879
-3.71763
-3.50588
-2.98416
-2.58376
-2.60298
-3.03275
-3.56264
-3.76356
-3.34152
-2.31544
-1.01589
0.09485
0.67787
0.70083
0.44389
0.32543
0.64882
1.4171
2.32317
2.92136
2.88153
2.17896
1.11008
0.12517
-0.42564
-0.48636
-0.31725
-0.33281
-0.84969
-1.89072
-3.15903
-4.19755
-4.64232
-4.42348
-3.79809
-3.19627
-2.96962
-3.18762
-3.59972
-3.78489
-3.40209
-2.39642
-1.04153
0.20671
0.96118
1.11445
0.88828
0.69359
0.88225
1.53472
2.40661
3.06533
3.13808
2.52777
1.47209
0.4115
-0.25788
-0.40383
-0.22343
-0.11703
-0.44409
-1.30255
-2.45982
-3.47582
-3.94728
-3.73264
-3.02764
-2.2483
-1.78908
-1.79598
-2.08592
-2.25868
-1.93655
-0.99277
0.36374
1.69677
2.58216
2.84024
2.62746
2.33475
2.35181
2.83396
3.60671
4.26346
4.39986
3.84952
2.78457
1.62283
0.79496
0.50588
0.62804
0.78759
0.59342
-0.12411
-1.2032
-2.23344
-2.78393
-2.64533
-1.94602
-1.07542
-0.45899
-0.31495
-0.5332
-0.74639
-0.55159
0.24583
1.50765
2.83
3.76403
4.06291
3.81291
3.37317
3.15947
3.3973
3.98731
4.56101
4.69475
4.15801
3.05252
1.76139
0.73741
0.25258
0.25306
0.40317
0.29226
-0.31558
-1.33372
-2.39328
-3.04828
-3.02763
-2.38836
-1.48163
-0.7513
-0.48139
-0.63825
-0.89853
-0.84638
-0.2254
0.90064
2.17188
3.1278
3.46144
3.186
2.61791
2.18646
2.1805
2.57867
3.06164
3.19913
2.70351
1.60331
0.23577
-0.93731
-1.58468
-1.68444
-1.52383
-1.5205
-1.96926
-2.86104
-3.87928
-4.57606
-4.6266
-4.0149
-3.04357
-2.16183
-1.71132
-1.73618
-1.96711
-1.98812
-1.48918
-0.45818
0.79928
1.82423
2.25829
2.04083
1.43577
0.87292
0.69563
0.96112
1.40863
1.61408
1.24143
0.24526
-1.09284
-2.31563
-3.04217
-3.17523
-2.94477
-2.76281
-2.97408
-3.64719
-4.52723
-5.17768
-5.22975
-4.59506
-3.51881
-2.44254
-1.75565
-1.57917
-1.70627
-1.7337
-1.30747
-0.34045
0.92464
2.04364
2.61701
2.51175
1.93122
1.29269
0.98376
1.13842
1.56236
1.85044
1.62836
0.77843
-0.48154
-1.71212
-2.49368
-2.6562
-2.36519
-2.01441
-1.98803
-2.43004
-3.15462
-3.74954
-3.81297
-3.18681
-2.0517
-0.82849
0.05696
0.41011
0.36879
0.31122
0.62442
1.46768
2.66806
3.80916
4.46199
4.42501
3.83484
3.08386
2.59244
2.56756
2.88734
3.17798
3.03848
2.28275
1.05884
-0.22422
-1.1201
-1.39058
-1.13131
-0.70567
-0.52542
-0.80536
-1.43403
-2.03559
-2.187
-1.66516
-0.58081
0.67831
1.66242
2.109
2.08259
1.92484
2.04408
2.6667
3.69456
4.75121
5.39088
5.34943
4.69274
3.77669
3.04207
2.76296
2.89385
3.10378
2.97738
2.2662
1.04458
-0.32053
-1.36893
-1.80079
-1.63866
-1.20435
-0.92467
-1.07857
-1.63214
-2.25701
-2.5216
-2.14448
-1.16334
0.07847
1.12036
1.63934
1.62441
1.3701
1.29353
1.68119
2.51228
3.46131
4.07876
4.04564
3.35505
2.31578
1.37603
0.86891
0.82687
0.9719
0.88691
0.26879
-0.8837
-2.25631
-3.38831
-3.92696
-3.8208
-3.34031
-2.91456
-2.87833
-3.27631
-3.83755
-4.13493
-3.83739
-2.90885
-1.63842
-0.48425
0.17933
0.26554
0.01258
-0.16656
0.06569
0.76609
1.66944
2.33555
2.39986
1.78271
0.73657
-0.29635
-0.93369
-1.06593
-0.90969
-0.87113
-1.29876
-2.26915
-3.52983
-4.63308
-5.18357
-5.0572
-4.46504
-3.82561
-3.51965
-3.66925
-4.06915
-4.30972
-4.02048
-3.09301
-1.75405
-0.44618
0.4156
0.67085
0.49383
0.28069
0.40961
1.01292
1.89326
2.63274
2.8319
2.3407
1.34778
0.27637
-0.45318
-0.65725
-0.48431
-0.31721
-0.53913
-1.29929
-2.41422
-3.46219
-4.01675
-3.88467
-3.21111
-2.39149
-1.84113
-1.75593
-2.00254
-2.20116
-1.95314
-1.08122
0.25667
1.64641
2.64432
3.02078
2.88065
2.59118
2.55974
2.99012
3.75868
4.48224
4.73846
4.31157
3.32103
2.15881
1.27116
0.91078
1.00223
1.19791
1.0919
0.46723
-0.56654
-1.62581
-2.26527
-2.22796
-1.58856
-0.70741
-0.0219
0.20412
0.02813
-0.21131
-0.09936
0.6046
1.81595
3.16112
4.18075
4.58265
4.39895
3.95694
3.68095
3.84015
4.38832
4.9885
5.20827
4.77276
3.72904
2.42654
1.32455
0.73781
0.66663
0.80954
0.75041
0.2115
-0.77443
-1.87289
-2.63269
-2.74055
-2.19824
-1.32023
-0.55297
-0.22046
-0.34298
-0.63348
-0.67356
-0.16673
0.87789
2.13805
3.15201
3.57336
3.36026
2.79002
2.2911
2.18988
2.51886
2.99733
3.19569
2.78831
1.74865
0.37342
-0.87841
-1.63918
-1.83246
-1.70436
-1.66852
-2.05492
-2.90833
-3.95324
-4.74588
-4.92595
-4.42236
-3.49449
-2.58479
-2.06808
-2.04215
-2.28045
-2.37398
-1.97966
-1.03139
0.20894
1.29046
1.82237
1.68965
1.11101
0.50594
0.24806
0.44745
0.88791
1.1554
0.88329
-0.02772
-1.34229
-2.61528
-3.43679
-3.65636
-3.4572
-3.2379
-3.37076
-3.97662
-4.84704
-5.55894
-5.71577
-5.17588
-4.13603
-3.02182
-2.24807
-1.9876
-2.08158
-2.143
-1.79298
-0.89265
0.3638
1.54931
2.23992
2.2505
1.73434
1.08928
0.72495
0.82566
1.24618
1.6005
1.49204
0.752
-0.45241
-1.70277
-2.55879
-2.80013
-2.54123
-2.15352
-2.04017
-2.39429
-3.08052
-3.70894
-3.85852
-3.32124
-2.22552
-0.96755
0.00996
0.46406
0.48089
0.41356
0.66524
1.44312
2.62619
3.82371
4.59098
4.67815
4.1685
3.4264
2.88541
2.79878
3.09687
3.43351
3.3944
2.7467
1.58506
0.28923
-0.6827
-1.04648
-0.84393
-0.40773
-0.15953
-0.35856
-0.94632
-1.57737
-1.81861
-1.40178
-0.38309
0.88238
1.93709
2.47506
2.50693
2.34126
2.39322
2.93199
3.91316
4.99379
5.72159
5.78944
5.20813
4.29786
3.50338
3.13964
3.21495
3.43369
3.37662
2.75427
1.58638
0.20325
-0.93234
-1.48026
-1.40799
-0.99919
-0.68111
-0.77115
-1.28919
-1.94451
-2.3048
-2.04959
-1.16139
0.05618
1.14413
1.74221
1.78493
1.5267
1.38205
1.67372
2.43495
3.38051
4.06379
4.12933
3.51507
2.48745
1.48923
0.88777
0.7693
0.89774
0.86167
0.32387
-0.77108
-2.15187
-3.36456
-4.02297
-4.02102
-3.58475
-3.13423
-3.03556
-3.38651
-3.95986
-4.33721
-4.15577
-3.32523
-2.08913
-0.89475
-0.14644
0.01561
-0.21643
-0.4416
-0.29364
0.33684
1.23041
1.9591
2.12942
1.60808
0.59974
-0.46807
-1.18649
-1.39386
-1.25954
-1.17476
-1.5142
-2.40661
-3.64752
-4.80516
-5.45863
-5.43136
-4.88497
-4.21986
-3.84
-3.9183
-4.29805
-4.5875
-4.39267
-3.55356
-2.24683
-0.89525
0.06431
0.42059
0.29731
0.06948
0.13554
0.67743
1.54778
2.34973
2.66338
2.28811
1.36074
0.28094
-0.51289
-0.78827
-0.64248
-0.43455
-0.56516
-1.23217
-2.3037
-3.38262
-4.02558
-3.99048
-3.36955
-2.53143
-1.90591
-1.73588
-1.93986
-2.16455
-1.99672
-1.21165
0.08582
1.50975
2.60346
3.09061
3.02253
2.73689
2.65227
3.01763
3.762
4.53152
4.89245
4.58304
3.66846
2.50901
1.55996
1.11819
1.16189
1.37545
1.34468
0.80904
-0.17558
-1.25803
-1.98526
-2.05647
-1.49142
-0.61579
0.12778
0.43375
0.30594
0.04864
0.08194
0.68841
1.83802
3.19293
4.28999
4.79584
4.6877
4.25574
3.92611
4.00737
4.50712
5.1251
5.42687
5.09761
4.12918
2.8322
1.66569
0.98257
0.83765
0.96862
0.96064
0.4987
-0.43851
-1.55589
-2.40383
-2.63155
-2.18556
-1.3388
-0.53356
-0.12902
-0.19926
-0.49828
-0.61191
-0.20843
0.75744
2.00566
3.08004
3.59978
3.46833
2.91941
2.37387
2.19049
2.4551
2.92995
3.19286
2.88538
1.92653
0.56816
-0.74036
-1.60028
-1.88154
-1.785
-1.71357
-2.02708
-2.82323
-3.8716
-4.73934
-5.03609
-4.63682
-3.75376
-2.81591
-2.22573
-2.13339
-2.35893
-2.50692
-2.20692
-1.34022
-0.12127
1.01375
1.6474
1.61177
1.07677
0.44505
0.11465
0.24684
0.67338
0.99682
0.82577
0.00888
-1.26814
-2.57874
-3.49007
-3.80042
-3.64307
-3.3968
-3.45539
-3.9899
-4.8414
-5.60667
-5.8675
-5.43116
-4.44306
-3.30647
-2.45548
-2.11229
-2.16879
-2.26057
-1.98997
-1.16887
0.05973
1.2922
2.08644
2.20785
1.75717
1.10664
0.68158
0.71386
1.10975
1.50849
1.49759
0.86006
-0.28973
-1.56046
-2.49764
-2.8336
-2.62967
-2.22888
-2.04694
-2.3229
-2.97385
-3.63805
-3.88182
-3.45044
-2.41826
-1.15092
-0.10139
0.44247
0.51343
0.43378
0.61625
1.31246
2.4549
3.68424
4.54675
4.748
4.3165
3.58304
2.9877
2.82624
3.0825
3.4435
3.48835
2.94135
1.84263
0.5372
-0.51182
-0.9782
-0.84898
-0.42071
-0.11825
-0.2411
-0.78452
-1.43879
-1.76745
-1.46132
-0.52142
0.73508
1.84967
2.4773
2.57422
2.4108
2.40234
2.8563
3.78244
4.87633
5.68601
5.86591
5.37154
4.4825
3.64067
3.19718
3.21423
3.43632
3.4471
2.92084
1.82274
0.44169
-0.76382
-1.41823
-1.43424
-1.05274
-0.6947
-0.71097
-1.17489
-1.8379
-2.27376
-2.12806
-1.32866
-0.135
1.00227
1.6908
1.8113
1.57378
1.3834
1.59392
2.29178
3.23619
3.99014
4.16708
3.6507
2.66103
1.62864
0.94964
0.7629
0.87821
0.89639
0.45166
-0.56441
-1.92732
-3.19661
-3.95833
-4.05323
-3.6592
-3.18076
-3.00961
-3.2951
-3.85738
-4.29333
-4.21421
-3.47718
-2.27675
-1.04276
-0.20369
0.04863
-0.14295
-0.39602
-0.32155
0.24051
1.11977
1.90685
2.1854
1.77055
0.81608
-0.27163
-1.06328
-1.34737
-1.24304
-1.12025
-1.37374
-2.18213
-3.39178
-4.59317
-5.34611
-5.42401
-4.93643
-4.25934
-3.81372
-3.82064
-4.17445
-4.50749
-4.40857
-3.66884
-2.41247
-1.03621
0.0076
0.4598