1.00593
1.70973
0.5246
0.17575
0.41829
-0.28502
-1.20081
-1.86617
-1.12844
-0.49102
-0.01753
1.22024
1.86709
1.161
0.36727
0.54248
0.32122
-0.21649
-0.15237
-1.2074
-0.64004
-0.89777
0.12653
0.38161
0.29378
1.27769
1.56031
-0.03906
-0.90245
-0.6874
-1.66929
-0.13471
-1.52864
-0.45343
-0.57474
1.11726
0.75047
1.20028
0.09463
0.77046
0.25827
0.51926
-0.36151
-1.27657
-1.56778
-1.44547
-1.00981
0.0874
-0.4584
1.70655
1.02434
0.28767
1.41177
-0.46925
-0.31896
-0.83243
-1.14458
-0.76279
0.20921
0.20812
0.24927
0.21008
0.63145
1.62076
0.91518
1.00812
0.59979
-1.38944
-1.09734
-0.64016
-0.06519
-0.31431
0.75188
0.46172
0.89765
0.237
0.34944
0.70101
-0.58687
-0.90702
-1.13057
-0.57662
-1.25373
-0.78175
0.65142
0.57437
1.05548
0.63426
0.99866
0.21305
1.38651
0.31695
-0.49435
-1.16613
-0.31593
-1.51219
-0.66019
-0.85471
-0.34014
1.37349
0.03645
1.93556
0.52625
0.67319
-0.22515
-0.46887
-0.02074
-0.84191
-1.24527
-0.57238
-0.60751
-0.19336
0.47982
1.11964
1.36519
0.37505
0.52261
-0.71237
0.13029
-1.24148
-0.12322
-0.73324
-1.05943
0.64701
0.5904
0.74165
1.32296
0.30561
0.86208
-0.89428
-0.35826
-0.2901
-0.08159
0.08225
-0.53431
-0.01778
0.34012
0.35556
1.02851
0.79297
0.26224
0.21712
-0.75837
-0.37621
-1.78267
-0.11169
-1.66171
-0.90696
-0.10123
0.55502
0.93588
0.58027
0.34716
0.5057
-0.61787
0.02996
-1.84802
-1.49977
-0.59247
-1.37019
0.66008
0.2906
1.24539
1.363
1.50396
-0.25805
-0.35171
-0.73555
0.22061
-0.56439
-0.92597
-0.03443
-0.42287
1.14092
0.41232
0.9847
0.30514
1.68955
-0.01861
0.57872
-0.96535
-0.54207
-1.87377
-0.80026
-0.51525
-0.12521
0.35978
1.36491
0.7922
0.51611
0.77828
0.08752
0.6217
0.12529
-1.30547
-0.17285
-1.36778
-0.36606
1.01179
1.38674
1.34435
1.38549
0.78435
1.14244
0.10475
-0.30363
-1.35852
-1.17375
-0.60876
-0.68066
-0.20658
1.07444
0.92029
1.29502
1.21958
1.67911
-0.05183
0.38402
-0.58819
-1.29173
-1.13796
-1.13892
-0.1471
0.36706
-0.39199
0.86871
0.81019
1.81776
-0.45294
1.00008
-0.76242
-0.06261
-0.87278
-0.98773
-1.3223
0.44011
-0.59155
0.75337
0.86757
0.70105
1.026
-0.07982
-0.73043
-1.35504
-0.66555
-1.10939
-1.24848
-0.03179
0.92501
-0.09532