1
0.80897
0.30872
-0.30968
-0.80975
-1
-0.80736
-0.30538
0.31376
0.81271
0.99997
0.80343
0.29832
-0.32153
-0.81791
-0.99985
-0.79712
-0.2875
0.33295
0.82524
0.99951
0.78832
0.2729
-0.34799
-0.8346
-0.99881
-0.77691
-0.25447
0.36656
0.84581
0.99754
0.76273
0.23215
-0.38859
-0.85866
-0.99544
-0.74557
-0.20589
0.41395
0.8729
0.99222
0.72522
0.17565
-0.4425
-0.88823
-0.98755
-0.70145
-0.14138
0.47404
0.90431
0.98105
0.67399
0.10306
-0.50834
-0.92072
-0.97229
-0.64259
-0.0607
0.54514
0.93702
0.96083
0.60697
0.01433
-0.58408
-0.95269
-0.94619
-0.56688
0.03597
0.62477
0.96717
0.92785
0.52207
-0.09007
-0.66674
-0.97983
-0.90528
-0.47235
0.14776
0.70945
0.99
0.87797
0.41752
-0.20877
-0.75227
-0.99696
-0.84536
-0.3575
0.27272
0.7945
0.99995
0.80697
0.29223
-0.33917
-0.83536
-0.99815
-0.76229
-0.22177
0.40753
0.87395
0.99074
0.71091
0.14627
-0.4771
-0.90933
-0.97691
-0.65248
-0.06602
0.54707
0.94045
0.95581
0.58672
-0.01856
-0.61649
-0.96622
-0.92666
-0.51349
0.10689
0.68426
0.98549
0.88873
0.4328
-0.1982
-0.74916
-0.99707
-0.84136
-0.34482
0.29155
0.80985
0.99977
0.78402
0.24992
-0.3858
-0.86488
-0.99243
-0.71634
-0.14869
0.47961
0.91269
0.97394
0.63814
0.04198
-0.57142
-0.95167
-0.94329
-0.54945
0.0691
0.65951
0.98017
0.89963
0.4506
-0.18316
-0.74197
-0.99657
-0.8423
-0.34221
0.29853
0.81674
0.99929
0.77089
0.22525
-0.41323
-0.88166
-0.98689
-0.68533
-0.10105
0.52503
0.93451
0.95813
0.58588
-0.02864
-0.63144
-0.9731
-0.91203
-0.47325
0.1617
0.72975
0.99529
0.84794
0.3486
-0.2956
-0.81712
-0.99911
-0.76567
-0.21363
0.42743
0.89064
0.9829
0.6655
0.07054
-0.55397
-0.9474
-0.94531
-0.54832
0.07791
0.67169
0.98461
0.88552
0.41564
-0.22844
-0.77692
-0.99977
-0.80329
-0.26966
0.37729
0.86589
0.99072
0.69905
0.11329
-0.52026
-0.93491
-0.95586
-0.57404
0.04986
0.65286
0.9805
0.89429
0.43037
-0.21549
-0.77038
-0.99958
-0.8059
-0.27104
0.37871
0.86813
0.98968
0.69155
0.09998
-0.53416
-0.94159
-0.94908
-0.55319
0.07801
0.67615
0.98663
0.87708
0.39387
-0.25729
-0.79888
-0.9998
-0.77409
-0.21783
0.43158
0.89669
0.97853
0.64184
0.03043
-0.59413
-0.96434
-0.92142
-0.48348
0.1619
0.73794
0.99732
0.82844
0.30359
-0.35186
-0.85613
-0.99216
-0.70117
-0.10818
0.53153
0.94228
0.94679
0.54286
-0.09544
-0.69265
-0.99078
-0.86078
-0.35859
0.29881
0.82703
0.9973
0.73563
0.15513
-0.49273
-0.92701
-0.95914
-0.5749
0.05909
0.66753
0.98592
0.87561
0.38432
-0.27435
-0.81368
-0.99863
-0.74835
-0.17171
0.47996
0.92228
0.96199
0.58148
-0.05322
-0.66478
-0.98567
-0.87529
-0.38168
0.2792
0.81786
0.99809
0.74061
0.15812
-0.4939
-0.92914
-0.95624
-0.56302
0.07787
0.68462
0.99016
0.85975
0.35057
-0.31321
-0.83902
-0.99483
-0.71163
-0.11418
0.53381
0.94604
0.94011
0.51837
-0.13282
-0.72534
-0.99674
-0.82655
-0.28995
0.37534
0.87424
0.98519
0.65868
0.03949
-0.59737
-0.96874
-0.90924
-0.44509
0.21732
0.78306
0.99996
0.77109
0.19826
-0.46314
-0.91792
-0.96284
-0.57757
0.06596
0.68011
0.9901
0.85699
0.34011
-0.32924
-0.85115
-0.99153
-0.68716
-0.07436
0.57195
0.96148
0.91903
0.46342
-0.20071
-0.77466
-1
-0.77504
-0.20084
0.46399
0.91972
0.96061
0.56796
-0.08122
-0.69384
-0.99301
-0.84327
-0.31207
0.36044
0.86991
0.98548
0.65453
0.02682
-0.61317
-0.97509
-0.89448
-0.40766
0.26444
0.81649
0.99738
0.72461
0.12202
-0.53624
-0.95037
-0.93151
-0.48798
0.17819
0.76318
0.99991
0.78005
0.20375
-0.46578
-0.92245
-0.95721
-0.55389
0.10312
0.71301
0.99627
0.82283
0.27195
-0.40382
-0.89434
-0.97422
-0.60649
0.04008
0.66834
0.98925
0.8549
0.32689
-0.35181
-0.8685
-0.98487
-0.64698
-0.01048
0.63098
0.98114
0.87803
0.36903
-0.31072
-0.84684
-0.99111
-0.67647
-0.0484
0.60222
0.97374
0.89367
0.39887
-0.28119
-0.83078
-0.99446
-0.69589
-0.07365
0.58297
0.96838
0.90293
0.41685
-0.2636
-0.82127
-0.99596
-0.70593
-0.08627
0.57379
0.96587
0.90653
0.42324
-0.25815
-0.81884
-0.99621
-0.70694
-0.0863
0.57491
0.96659
0.90476
0.41817
-0.2649
-0.82363
-0.99532
-0.69897
-0.07374
0.58632
0.97042
0.89747
0.40155
-0.28377
-0.83538
-0.9929
-0.68173
-0.04854
0.6077
0.97681
0.88409
0.3731
-0.31456
-0.85341
-0.98811
-0.65459
-0.01068
0.63842
0.98471
0.86364
0.33241
-0.35685
-0.87662
-0.97966
-0.61669
0.03982
0.6775
0.9926
0.83477
0.27897
-0.40997
-0.90344
-0.96577
-0.56694
0.1028
0.72354
0.99844
0.79581
0.21233
-0.47292
-0.93179
-0.94429
-0.50415
0.17782
0.77462
0.99974
0.74488
0.13216
-0.54417
-0.95902
-0.91269
-0.42719
0.26403
0.82823
0.99351
0.67997
0.0385
-0.62165
-0.98192
-0.8682
-0.33512
0.35999
0.8812
0.97635
0.59916
-0.06811
-0.70252
-0.99673
-0.80795
-0.22743
0.46351
0.92966
0.94461
0.50081
-0.18638
-0.7831
-0.99915
-0.7292
-0.10432
0.57146
0.96902
0.89447
0.38388
-0.31402
-0.85884
-0.98456
-0.62956
0.03305
0.67963
0.99404
0.82232
0.24819
-0.44753
-0.92422
-0.94819
-0.50742
0.18223
0.78261
0.99904
0.72502
0.09486
-0.58203
-0.97293
-0.88545
-0.36232
0.33922
0.87386
0.97814
0.60042
-0.07339
-0.71111
-0.99808
-0.79243
-0.19543
0.49823
0.94577
0.92577
0.44783
-0.2518
-0.8269
-0.99257
-0.66649
-0.00999
0.65158
0.99003
0.8372
0.26868
-0.4334
-0.92024
-0.94971
-0.50687
0.18822
0.78976
0.99815
0.70936
0.06701
-0.60886
-0.98118
-0.86399
-0.3155
0.39064
0.90175
0.96226
0.54165
-0.14996
-0.76666
-0.99966
-0.73205
-0.09762
0.58586
0.97568
0.87612
0.33686
-0.37162
-0.89358
-0.96662
-0.55377
0.13763
0.75992
0.99984
0.73638
0.10194
-0.58398
-0.97562
-0.87528
-0.33331
0.37699
0.89706
0.96405
0.54385
-0.15139
-0.77018
-0.99937
-0.72271
-0.08002
0.60333
0.98101
0.86135
0.30476
-0.40658
-0.91164
-0.9538
-0.51137
0.19106
0.79646
0.99681
0.68991
0.03172
-0.64274
-0.98983
-0.83242
-0.2505
0.45932
0.93484
0.93314
0.45482
-0.25599
-0.83607
-0.98868
-0.63549
0.04301
0.69961
0.99795
0.78496
0.16951
-0.53297
-0.96213
-0.89752
-0.37203
0.34466
0.88435
0.96948
0.556
-0.14363
-0.76945
-0.99915
-0.71417
-0.06108
0.62362
0.98678
0.84083
0.26081
-0.45399
-0.93437
-0.93193
-0.44764
0.26828
0.84549
0.98512
0.6146
-0.0744
-0.72496
-0.99973
-0.75597
-0.11988
0.57856
0.97664
0.86738
0.30726
-0.41272
-0.91814
-0.94584
-0.48114
0.23422
0.82767
0.98982
0.63585
-0.04987
-0.70968
-0.9991
-0.76675
-0.13374
0.56929
0.97475
0.87035
0.31046
-0.41208
-0.9189
-0.94434
-0.47478
0.24383
0.83465
0.98754
0.62197
-0.07034
-0.72581
-0.99986
-0.74817
-0.10284
0.59672
0.98223
0.85046
0.27054
-0.45209
-0.93643
-0.92684
-0.42809
0.29676
0.86499
0.97626
0.57149
-0.13557
-0.77102
-0.99853
-0.69739
-0.02682
0.65807
0.99425
0.80323
0.18605
-0.52997
-0.96473
-0.88716
-0.33817
0.39068
0.91189
0.94806
0.47968
-0.24417
-0.83809
-0.98554
-0.60767
0.09432
0.74611
0.99981
0.71976
0.05523
-0.63893
-0.99167
-0.81417
-0.20109
0.51971
0.96239
0.88968
0.34025
-0.39165
-0.91365
-0.94562
-0.4701
0.25788
0.84748
0.98182
0.58845
-0.12142
-0.76609
-0.99859
-0.69352
-0.01489
0.67188
0.99662
0.78401
0.14845
-0.56733
-0.97695
-0.85901
-0.27694
0.45491
0.94091
0.91803
0.39836
-0.33705
-0.89004
-0.96093
-0.511
0.21606
0.82605
0.9879
0.6135
-0.09414
-0.75075
-0.99944
-0.70478
-0.02673
0.66598
0.99628
0.7841
0.14473
-0.57362
-0.97935
-0.851
-0.25829
0.4755
0.94976
0.90527
0.36606
-0.37337
-0.90872
-0.94697
-0.46691
0.26889
0.85752
0.97634
0.55995
-0.1636
-0.7975
-0.99381
-0.64449
0.05889
0.73003
0.99997
0.72006
0.04397
-0.65643
-0.99554
-0.78638
-0.1439
0.57801
0.9813
0.84334
0.23995
-0.49601
-0.95815
-0.89099
-0.33135
0.41159
0.92698
0.9295
0.41747
-0.32583
-0.88875
-0.95919
-0.49783
0.23973
0.84439
0.98044
0.57207
-0.15416
-0.79484
-0.99373
-0.63998
0.0699
0.74099
0.99959
0.70144
0.01236
-0.68372
-0.99862
-0.75644
-0.09205
0.62384
0.99141
0.80508
0.1687
-0.56212
-0.9786
-0.8475
-0.24191
0.49926
0.96083
0.88394
0.31141
-0.4359
-0.93872
-0.91467
-0.37696
0.37261
0.91289
0.94001
0.43843
-0.30991
-0.88393
-0.96031
-0.49575
0.24825
0.85243
0.97596
0.5489
-0.18802
-0.81891
-0.98735
-0.59792
0.12955
0.78389
0.99488
0.64289
-0.07312
-0.74783
-0.99895
-0.68392
0.01895
0.71118
0.99997
0.72117
0.03279
-0.67433
-0.99833
-0.75481
-0.08195
0.63764
0.99442
0.78503
0.12844
-0.60144
-0.98859
-0.81203
-0.17218
0.56603
0.98119
0.83602
0.21316
-0.53165
-0.97257
-0.85724
-0.25134
0.49853
0.96303
0.87589
0.28675
-0.46688
-0.95286
-0.89219
-0.31941
0.43687
0.94232
0.90635
0.34935
-0.40864
-0.93166
-0.91858
-0.37663
0.38232
0.92111
0.92907
0.4013
-0.35802
-0.91088
-0.93799
-0.42343
0.33583
0.90113
0.94552
0.44307
-0.31582
-0.89203
-0.95182
-0.46028
0.29805
0.88373
0.95702
0.47513
-0.28258
-0.87635
-0.96124
-0.48767
0.26943
0.86998
0.96459
0.49794
-0.25864
-0.86473
-0.96717
-0.50599
0.25024
0.86065
0.96903
0.51186
-0.24424
-0.8578
-0.97024
-0.51556
0.24066
0.85622
0.97083
0.51712
-0.2395
-0.85592
-0.97082
-0.51655
0.24076
0.85692
0.9702
0.51383
-0.24444
-0.85918
-0.96897
-0.50896
0.25053
0.8627
0.96708
0.50192
-0.25902
-0.86742
-0.96448
-0.49267
0.2699
0.87328
0.96109
0.48118
-0.28314
-0.88021
-0.95683
-0.46741
0.29871
0.8881
0.95159
0.45129
-0.31657
-0.89685
-0.94525
-0.43278
0.33667
0.90632
0.93766
0.4118
-0.35895
-0.91635
-0.92868
-0.38831
0.38333
0.92678
0.91813
0.36224
-0.40972
-0.93741
-0.90583
-0.33353
0.43803
0.94804
0.89159
0.30213
-0.46811
-0.95841
-0.8752
-0.26799
0.49982
0.96828
0.85645
0.23108
-0.53299
-0.97736
-0.83513
-0.19139
0.56741
0.98536
0.81101
0.14892
-0.60287
-0.99195
-0.78389
-0.10369
0.63909
0.99679
0.75354
0.05575
-0.67579
-0.99953
-0.71977
-0.00518
0.71264
0.99978
0.68237
-0.04789
-0.74928
-0.99716
-0.64118
0.10331
0.7853
0.99127
0.59606
-0.16087
-0.82027
-0.98171
-0.54687
0.22033
0.85372
0.96807
0.49356
-0.28137
-0.88513
-0.94996
-0.43607
0.34364
0.91397
0.92698
0.37444
-0.40672
-0.93967
-0.89878
-0.30872
0.47011
0.96162
0.865
0.23908
-0.53328
-0.97921
-0.82537
-0.16572
0.59562
0.99181
0.77962
0.08895
-0.65643
-0.99878
-0.72756
-0.00914
0.715
0.9995
0.66907
-0.07321
-0.77053
-0.99335
-0.60413
0.15753
0.82217
0.97975
0.53278
-0.24314
-0.86903
-0.95818
-0.45521
0.32924
0.9102
0.92815
0.37169
-0.41497
-0.94474
-0.88927
-0.28265
0.49931
0.9717
0.84126
0.18865
-0.58119
-0.99015
-0.78393
-0.0904
0.65945
0.9992
0.71724
-0.01124
-0.73283
-0.99801
-0.6413
0.11524
0.80003
0.98583
0.55642
-0.22043
-0.85972
-0.962
-0.46306
0.32546
0.91055
0.92602
0.36191
-0.42888
-0.95116
-0.87756
-0.25389
0.52906
0.98027
0.81646
0.14013
-0.62429
-0.99667
-0.74281
-0.02198
0.71278
0.99927
0.65696
-0.09896
-0.79268
-0.98713
-0.55952
0.22089
0.86211
0.95953
0.4514
-0.34179
-0.91924
-0.916
-0.33383
0.45949
0.96231
0.85634
0.20836
-0.57164
-0.98969
-0.78071
-0.07686
0.67583
0.99995
0.68963
-0.05849
-0.76957
-0.99192
-0.584
0.19521
0.8504
0.96473
0.46516
-0.33059
-0.91593
-0.91788
-0.3349
0.46166
0.96393
0.85133
0.19542
-0.58535
-0.9924
-0.76551
-0.04935
0.69846
0.99968
0.66137
-0.10027
-0.79783
-0.9845
-0.54044
0.25007
0.88036
0.9461
0.40482
-0.39636
-0.94317
-0.88426
-0.25719
0.53529
0.98369
0.79944
0.10077
-0.66287
-0.99979
-0.69277
0.06069
0.77514
0.98986
0.56612
-0.223
-0.86828
-0.95297
-0.42209
0.38162
0.93875
0.88892
0.26405
-0.53178
-0.98348
-0.79837
-0.09605
0.66862
0.99995
0.68287
-0.07725
-0.78735
-0.98641
-0.54492
0.25064
0.88343
0.94199
0.38795
-0.41856
-0.95278
-0.8668
-0.2163
0.57521
0.99196
0.76206
0.03513
-0.71482
-0.99836
-0.63014
0.14967
0.83182
0.97041
0.47458
-0.33171
-0.92109
-0.90772
-0.30005
0.50422
0.97825
0.8112
0.11226
-0.6604
-0.99988
-0.68316
0.08214
0.7936
0.98375
0.52734
-0.27585
-0.89772
-0.92903
-0.34887
0.46107
0.96744
0.83646
0.15415
-0.6299
-0.99859
-0.70847
0.04931
0.77464
0.98842
0.54916
-0.25314
-0.88818
-0.93584
-0.36431
0.44844
0.96438
0.84163
0.16122
-0.62615
-0.99846
-0.70857
0.05151
0.7775
0.98736
0.54143
-0.26431
-0.89448
-0.93
-0.34694
0.46703
0.97027
0.82753
0.13359
-0.64946
-0.99974
-0.68347
0.08871
0.80181
0.97983
0.50365
-0.309
-0.9153
-0.90991
-0.29613
0.51581
0.98273
0.79196
0.07089
-0.69775
-0.999
-0.6307
0.16053
0.84419
0.96154
0.43353
-0.38564
-0.9459
-0.8707
-0.21027
0.59162
0.99571
0.72992
-0.02718
-0.76609
-0.98912
-0.54576
0.2655
0.89786
0.92475
0.32772
-0.49058
-0.97777
-0.80465
-0.08787
0.6884
0.99936
0.63446
-0.15974
-0.84593
-0.9595
-0.42326
0.39982
0.95204
0.85889
0.18323
-0.61683
-0.99838
-0.70218
0.07094
0.79597
0.98015
0.49802
-0.32287
-0.92422
-0.89668
-0.2587
0.55554
0.99144
0.75175
-4.50463E-4
-0.75245
-0.99124
-0.55363
0.26198
0.8988
0.92171
0.31477
-0.50743
-0.98275
-0.78587
-0.0512
0.71862
0.99646
0.59176
-0.21849
-0.87908
-0.93697
-0.35216
0.47437
0.9754
0.80674
0.08392
-0.69666
-0.9985
-0.61382
0.19311
0.86728
0.94459
0.37153
-0.4575
-0.97143
-0.81588
-0.09778
0.68786
0.99902
0.62072
-0.18619
-0.86461
-0.94577
-0.3733
0.45733
0.97179
0.814
0.09285
-0.69268
-0.99861
-0.61276
0.19779
0.87133
0.94071
0.35751
-0.47387
-0.9764
-0.80096
-0.0691
0.71088
0.9968
0.58961
-0.22778
-0.88677
-0.92859
-0.32381
0.5066
0.98413
0.77575
0.02644
-0.74141
-0.99205
-0.55029
0.27575
0.9093
0.90762
0.27158
-0.55443
-0.99278
-0.7366
0.03513
0.78238
0.98178
0.49339
-0.34084
-0.93624
-0.87513
-0.20008
0.61547
0.99907
0.68112
-0.11534
-0.83086
-0.96241
-0.41721
0.42154
0.96377
0.82768
0.10875
-0.68687
-0.99861
-0.60652
0.21329
0.88276
0.92947
0.32016
-0.51528
-0.9869
-0.7613
0.00238
0.76448
0.98601
0.50999
-0.32702
-0.93263
-0.87784
-0.20115
0.61817
0.99938
0.67193
-0.13222
-0.84264
-0.95501
-0.38924
0.4531
0.97358
0.8021
0.06026
-0.72454
-0.99391
-0.55589
0.27799
0.91398
0.89886
0.2431
-0.58607
-0.99736
-0.69715
0.10064
0.82669
0.96244
0.41065
-0.43468
-0.96938
-0.81093
-0.07237
0.71808
0.99461
0.55897
-0.27713
-0.91475
-0.89678
-0.23579
0.59441
0.99823
0.68563
-0.11928
-0.83863
-0.95554
-0.38572
0.46148
0.97691
0.78959
0.03401
-0.74615
-0.98908
-0.51953
0.32446
0.93468
0.87098
0.179
-0.64223
-0.99999
-0.63575
0.18775
0.87569
0.93079
0.31292
-0.53135
-0.9913
-0.73387
0.05491
0.80402
0.97075
0.434
-0.41744
-0.96627
-0.81422
-0.0713
0.72348
0.993
0.54126
-0.30383
-0.92819
-0.87774
-0.18886
0.63752
1
0.63446
-0.19321
-0.88022
-0.92582
-0.29648
0.54916
0.99429
0.71389
-0.08768
-0.82533
-0.96018
-0.39343
0.46098
0.97843
0.78028
0.01119
-0.76619
-0.98269
-0.47949
0.37507
0.95486
0.83468
0.10236
-0.70515
-0.99528
-0.55482
0.29313
0.92586
0.87833
0.18516
-0.64424
-0.99988
-0.61986
0.21644
0.89349
0.91256
0.2593
-0.58515
-0.99831
-0.67529
0.14595
0.85958
0.93876
0.32471
-0.52927
-0.99227
-0.72186
0.08233
0.82573
0.95826
0.38156
-0.47772
-0.9833
-0.76044
0.02602
0.79329
0.97235
0.4301
-0.43138
-0.97275
-0.79185
-0.02273
0.76338
0.98217
0.4707
-0.39093
-0.9618
-0.81691
-0.0638
0.73692
0.98874
0.50374
-0.35685
-0.95144
-0.83635
-0.09716
0.71465
0.99294
0.52959
-0.32952
-0.94244
-0.85081
-0.12283
0.69713
0.99546
0.54858
-0.30918
-0.93544
-0.86078
-0.14085
0.68478
0.99686
0.56098
-0.29602
-0.93086
-0.86664
-0.15128
0.67787
0.99749
0.56698
-0.29012
-0.929
-0.86862
-0.15414
0.67654
0.99754
0.56667
-0.29153
-0.92994
-0.8668
-0.14944
0.68083
0.99702
0.56003
-0.30024
-0.93365
-0.86111
-0.13717
0.69065
0.9958
0.54698
-0.31618
-0.93989
-0.85132
-0.1173
0.70577
0.99351
0.52732
-0.33924
-0.94829
-0.83707
-0.08977
0.72586
0.98968
0.50077
-0.36921
-0.95829
-0.81786
-0.05453
0.75043
0.9836
0.46699
-0.4058
-0.96915
-0.79305
-0.01159
0.77881
0.97446
0.42561
-0.4486
-0.97994
-0.76192
0.03901
0.81019
0.96125
0.37625
-0.49703
-0.98957
-0.72367
0.09713
0.84353
0.94284
0.31856
-0.55037
-0.99674
-0.67745
0.16246
0.87759
0.91799
0.25228
-0.60763
-0.99996
-0.62243
0.23453
0.9109
0.88535
0.17727
-0.66761
-0.99758
-0.55781
0.31259
0.94173
0.84356
0.0936
-0.72879
-0.98783
-0.48293
0.39563
0.96813
0.79125
0.00163
-0.78935
-0.96879
-0.39734
0.48226
0.98793
0.72717
-0.09797
-0.84715
-0.93854
-0.30085
0.5707
0.99873
0.65023
-0.20408
-0.8997
-0.89516
-0.19368
0.65872
0.99805
0.55963
-0.3151
-0.94422
-0.83688
-0.07652
0.74366
0.9833
0.45497
-0.42888
-0.97765
-0.76219
0.04935
0.82238
0.95198
0.33641
-0.54264
-0.99677
-0.66998
0.18196
0.89134
0.90177
0.20476
-0.65301
-0.99828
-0.55969
0.31858
0.94663
0.83072
0.06166
-0.756
-0.97898
-0.43155
0.45567
0.98417
0.73748
-0.09035
-0.84706
-0.93598
-0.28669
0.58887
0.99979
0.62146
-0.24768
-0.92127
-0.86695
-0.12733
0.71305
0.98955
0.48314
-0.4057
-0.97346
-0.77036
0.04304
0.82243
0.94997
0.32426
-0.55873
-0.9985
-0.64583
0.21963
0.91077
0.87844
0.14803
-0.70014
-0.99167
-0.49443
0.39628
0.97168
0.77353
-0.04071
-0.82261
-0.94904
-0.31894
0.56557
0.99904
0.63541
-0.23543
-0.9184
-0.86795
-0.12407
0.71905
0.98745
0.46624
-0.42798
-0.97985
-0.7475
0.08338
0.84757
0.93281
0.27049
-0.60875
-0.99993
-0.58904
0.29454
0.94181
0.83296
0.05509
-0.76713
-0.97293
-0.3966
0.49873
0.99298
0.68827
-0.17047
-0.89206
-0.89525
-0.17717
0.68377
0.99359
0.50219
-0.39436
-0.9728
-0.76609
0.0592
0.83677
0.93839
0.28164
-0.60287
-0.99996
-0.58821
0.29955
0.94495
0.82532
0.03723
-0.78111
-0.96652
-0.36841
0.52852
0.99683
0.65634
-0.21693
-0.91417
-0.86901
-0.11784
0.72919
0.98353
0.43811
-0.46375
-0.98836
-0.70857
0.14817
0.88433
0.90012
0.18236
-0.68414
-0.99286
-0.49174
0.41067
0.978
0.74689
-0.09423
-0.85846
-0.92125
-0.23095
0.64827
0.99733
0.5304
-0.3707
-0.9684
-0.77309
0.05558
0.8388
0.93452
0.26396
-0.62318
-0.99911
-0.55509
0.34471
0.96152
0.78852
-0.03245
-0.82685
-0.94146
-0.28174
0.60986
0.99964
0.56651
-0.3332
-0.95853
-0.79409
0.02491
0.82346
0.94295
0.28449
-0.60882
-0.99964
-0.56502
0.33637
0.95993
0.79014
-0.03295
-0.82888
-0.93917
-0.27227
0.62009
0.99908
0.55057
-0.35417
-0.96548
-0.77641
0.05657
0.84271
0.92964
0.2449
-0.64326
-0.99724
-0.52272
0.38628
0.97425
0.75211
-0.0957
-0.86397
-0.9132
-0.20209
0.67741
0.99265
0.48068
-0.43205
-0.98461
-0.71594
0.15013
0.89099
0.88806
0.14347
-0.72105
-0.98313
-0.42343
0.49039
0.99414
0.66618
-0.21935
-0.92134
-0.85186
-0.06878
0.77202
0.96582
0.34986
-0.5596
-0.99968
-0.60087
0.30238
0.95182
0.80184
-0.02189
-0.82731
-0.93728
-0.25902
0.63721
0.99733
0.518
-0.39754
-0.97835
-0.73495
0.12787
0.88299
0.89359
0.15043
-0.71974
-0.98252
-0.4158
0.50215
0.99598
0.64821
-0.24754
-0.93408
-0.83063
-0.02439
0.80258
0.95019
0.29316
-0.61227
-0.999
-0.53901
0.37803
0.97456
0.74437
-0.11754
-0.87977
-0.89504
-0.15007
0.72248
0.98109
0.40565
-0.51482
-0.99746
-0.63139
0.27214
0.94406
0.81201
-0.01184
-0.82569
-0.93577
-0.24791
0.65147
0.99511
0.48948
-0.43409
-0.98705
-0.69689
0.18879
0.9132
0.8569
0.06771
-0.77949
-0.95971
-0.31841
0.59562
0.99957
0.54713
-0.37428
-0.97491
-0.73955
0.13024
0.88837
0.88406
0.1207
-0.7464
-0.97236
-0.36274
0.55877
0.99991
0.58104
-0.3378
-0.96601
-0.76265
0.09749
0.87374
0.8972
0.14734
-0.72964
-0.97744
-0.38203
0.54311
0.99954
0.59294
-0.32584
-0.9632
-0.7682
0.09093
0.87151
0.89832
0.14784
-0.73067
-0.97668
-0.37688
0.54948
0.99979
0.58352
-0.33874
-0.9673
-0.75672
0.11059
0.88199
0.8876
0.12223
-0.74942
-0.96983
-0.34711
0.57754
0.99988
0.55223
-0.37614
-0.97711
-0.72716
0.15631
0.90366
0.86337
0.07026
-0.78422
-0.95458
-0.29187
0.62571
0.99699
0.49744
-0.4368
-0.98937
-0.67702
0.22744
0.93304
0.82226
-0.00826
-0.83163
-0.92673
-0.20995
0.6909
0.9862
0.41678
-0.51826
-0.99869
-0.6027
0.32244
0.96453
0.75944
-0.11296
-0.88617
-0.88036
-0.10032
0.76805
0.96066
0.30771
-0.61624
-0.99755
-0.50007
0.43814
0.99023
0.66923
-0.24209
-0.9399
-0.80829
0.03689
0.84959
0.91192
0.1685
-0.72392
-0.97642
-0.36545
0.56886
0.99991
0.54595
-0.39143
-0.98224
-0.70294
0.19931
0.92498
0.83056
-5.2879E-4
-0.83124
-0.92434
-0.1969
0.70546
0.9813
0.38528
-0.55322
-1
-0.55755
0.38091
0.98053
0.70749
-0.19547
-0.92444
-0.82997
0.00409
0.83459
0.92104
0.18605
-0.715
-0.97808
-0.36811
0.57062
0.99978
0.53575
-0.40712
-0.98615
-0.68341
0.23065
0.93843
0.8064
-0.04758
-0.85904
-0.90108
-0.13573
0.75135
0.9649
0.31314
-0.6196
-0.99645
-0.47893
0.46865
0.99543
0.62799
-0.30382
-0.96262
-0.75595
0.13066
0.8998
0.85926
0.04521
-0.80963
-0.93532
-0.21831
0.69552
0.98243
0.38345
-0.56147
-0.99988
-0.53591
0.41194
0.98787
0.67149
-0.25167
-0.94746
-0.78671
0.08553
0.88049
0.87878
0.08164
-0.7895
-0.9457
-0.24517
0.6776
0.98625
0.40068
-0.54836
-1
-0.54418
0.40567
0.98726
0.67219
-0.25363
-0.94904
-0.78178
0.0964
0.88698
0.87061
0.06188
-0.80327
-0.93702
-0.21725
0.70054
0.97993
0.36596
-0.58182
-0.99894
-0.5046
0.45036
0.99424
0.63018
-0.3096
-0.96657
-0.74011
0.16306
0.91719
0.83232
-0.0142
-0.84782
-0.90524
-0.13357
0.76054
0.95778
0.27708
-0.65775
-0.98939
-0.41334
0.5421
1
0.53971
-0.41635
-0.98998
-0.65384
0.2834
0.96013
0.75379
-0.14612
-0.91164
-0.83798
0.00736
0.846
0.90523
0.13015
-0.76499
-0.95476
-0.26384
0.6706
0.98619
0.39133
-0.56498
-0.99948
-0.51049
0.45039
0.99496
0.61943
-0.32915
-0.97325
-0.71657
0.20358
0.93528
0.80063
-0.07594
-0.88221
-0.87059
-0.05155
0.8154
0.92576
0.17682
-0.73637
-0.96574
-0.29794
0.6468
0.9904
0.41315
-0.54842
-0.99987
-0.52088
0.44303
0.99451
0.61977
-0.33243
-0.97492
-0.70867
0.21841
0.94186
0.78665
-0.10271
-0.89628
-0.85301
-0.013
0.83924
0.90724
0.12713
-0.77193
-0.94905
-0.23825
0.6956
0.97836
0.345
-0.61158
-0.99523
-0.44619
0.52119
0.99993
0.54079
-0.4258
-0.99286
-0.62789
0.32674
0.97455
0.70675
-0.22531
-0.94565
-0.77679
0.12276
0.9069
0.83756
-0.02029
-0.85912
-0.88877
-0.081
0.80319
0.93025
0.18007
-0.74004
-0.96197
-0.276
0.6706
0.98402
0.36795
-0.59585
-0.99657
-0.45517
0.51673
0.99993
0.53704
-0.43419
-0.99445
-0.61302
0.34913
0.98057
0.68268
-0.26245
-0.95879
-0.74569
0.17498
0.92966
0.80181
-0.0875
-0.89378
-0.85088
7.38897E-4
0.85174
0.89283
0.08463
-0.80418
-0.92767
-0.16799
0.75174
0.95547
0.24881
-0.69506
-0.97637
-0.3266
0.63478
0.99056
0.40095
-0.5715
-0.99828
-0.47151
0.50584
0.99982
0.53799
-0.43837
-0.99549
-0.60015
0.36963
0.98563
0.65782
-0.30014
-0.97061
-0.71088
0.23039
0.95082
0.75926
-0.16082
-0.92664
-0.80293
0.09184
0.89848
0.84191
-0.02381
-0.86673
-0.87626
-0.04292
0.83179
0.90605
0.10806
-0.79406
-0.93141
-0.17136
0.7539
0.95247
0.2326
-0.7117
-0.96942
-0.29158
0.6678
0.98243
0.34816
-0.62255
-0.9917
-0.40221
0.57625
0.99744
0.45364
-0.52923
-0.99988
-0.50239
0.48174
0.99924
0.54842
-0.43406
-0.99576
-0.59171
0.38643
0.98966
0.63227
-0.33907
-0.98118
-0.67013
0.29217
0.97056
0.70532
-0.24592
-0.95801
-0.73791
0.20047
0.94376
0.76796
-0.15598
-0.92802
-0.79557
0.11257
0.911
0.82081
-0.07034
-0.89291
-0.84378
0.02939
0.87393
0.86461
0.01021
-0.85424
-0.88338
-0.04839
0.83403
0.90023
0.0851
-0.81344
-0.91526
-0.12031
0.79263
0.9286
0.15397
-0.77175
-0.94035
-0.18608
0.75094
0.95064
0.21662
-0.73031
-0.95959
-0.24558
0.70997
0.96731
0.27298
-0.69005
-0.9739
-0.29882
0.67063
0.97948
0.32312
-0.65181
-0.98414
-0.34589
0.63366
0.988
0.36715
-0.61626
-0.99113
-0.38692
0.59968
0.99364
0.40524
-0.58398
-0.9956
-0.42212
0.56921
0.9971
0.43759
-0.55543
-0.9982
-0.45169
0.54267
0.99898
0.46442
-0.53097
-0.99949
-0.47583
0.52037
0.9998
0.48594
-0.5109
-0.99996
-0.49476
0.50258
1
0.50231
-0.49544
-0.99997
-0.50862
0.48948
0.9999
0.5137
-0.48473
-0.99982
-0.51755
0.4812
0.99974
0.5202
-0.47889
-0.99969
-0.52165
0.47781
0.99967
0.5219
-0.47797
-0.99969
-0.52095
0.47935
0.99974
0.5188
-0.48197
-0.99981
-0.51544
0.48581
0.99989
0.51087
-0.49087
-0.99997
-0.50508
0.49713
1
0.49804
-0.50457
-0.99996
-0.48975
0.51318
0.99982
0.48018
-0.52294
-0.99953
-0.46931
0.53382
0.99903
0.45713
-0.54579
-0.99827
-0.4436
0.55881
0.9972
0.4287
-0.57285
-0.99574
-0.41241
0.58785
0.99382
0.39469
-0.60378
-0.99136
-0.37552
0.62057
0.98828
0.35488
-0.63817
-0.98449
-0.33274
0.65649
0.97989
0.30908
-0.67547
-0.97439
-0.28389
0.69503
0.96788
0.25713
-0.71506
-0.96026
-0.22882
0.73548
0.95142
0.19893
-0.75617
-0.94124
-0.16747
0.77702
0.92961
0.13445
-0.79789
-0.91641
-0.09988
0.81865
0.90152
0.0638
-0.83916
-0.88482
-0.02622
0.85926
0.86621
-0.0128
-0.87879
-0.84556
0.0532
0.89756
0.82276
-0.09491
-0.9154
-0.7977
0.13785
0.93211
0.7703
-0.1819
-0.9475
-0.74045
0.22697
0.96134
0.70807
-0.2729
-0.97342
-0.67309
0.31955
0.98353
0.63545
-0.36675
-0.99143
-0.59511
0.41429
0.99689
0.55204
-0.46198
-0.99968
-0.50624
0.50958
0.99956
0.45771
-0.55683
-0.99631
-0.40649
0.60346
0.9897
0.35265
-0.64919
-0.97951
-0.29627
0.69369
0.96553
0.23748
-0.73663
-0.94756
-0.17642
0.77768
0.92542
0.11328
-0.81646
-0.89896
-0.04828
0.85261
0.86803
-0.01834
-0.88573
-0.83253
0.08627
0.91543
0.79237
-0.15519
-0.9413
-0.74751
0.22472
0.96296
0.69795
-0.29448
-0.98001
-0.64371
0.364
0.99205
0.5849
-0.43282
-0.99872
-0.52163
0.50042
0.99965
0.4541
-0.56625
-0.99453
-0.38256
0.62974
0.98306
0.3073
-0.69029
-0.96496
-0.22871
0.74728
0.94004
0.1472
-0.80009
-0.90814
-0.06328
0.84807
0.86914
-0.0225
-0.89058
-0.82302
0.10951
0.92699
0.76981
-0.19706
-0.95669
-0.70963
0.28441
0.97908
0.64269
-0.37076
-0.99362
-0.56928
0.45526
0.99981
0.4898
-0.53703
-0.99719
-0.40472
0.61514
0.98539
0.31465
-0.68864
-0.96412
-0.22028
0.75658
0.93319
0.1224
-0.818
-0.8925
-0.02191
0.87196
0.84208
-0.0802
-0.91755
-0.78208
0.18286
0.95389
0.71278
-0.2849
-0.98019
-0.63461
0.3851
0.99572
0.54816
-0.48217
-0.99988
-0.45414
0.5748
0.99214
0.35344
-0.66162
-0.97215
-0.2471
0.7413
0.93969
0.1363
-0.81251
-0.89473
-0.02235
0.87395
0.83741
-0.09328
-0.92442
-0.76807
0.20904
0.9628
0.68726
-0.32326
-0.98808
-0.59574
0.43421
0.99942
0.49451
-0.54009
-0.99615
-0.38475
0.63911
0.97782
0.2679
-0.72947
-0.9442
-0.14556
0.80941
0.89529
0.01954
-0.87727
-0.83139
0.10819
0.93151
0.75308
-0.23551
-0.97076
-0.66122
0.36021
0.99382
0.55699
-0.47999
-0.99977
-0.44186
0.59253
0.98794
0.31758
-0.69553
-0.958
-0.18619
0.78675
0.90992
0.04996
-0.86407
-0.84409
0.08861
0.92554
0.76124
-0.22684
-0.96947
-0.66252
0.36194
0.99441
0.54947
-0.49102
-0.99929
-0.42402
0.61121
0.98341
0.28846
-0.71966
-0.9465
-0.14544
0.81367
0.88875
-0.00211
-0.89074
-0.81085
0.151
0.94864
0.714
-0.29786
-0.98549
-0.59991
0.43922
0.99984
0.47078
-0.57156
-0.99072
-0.3293
0.69145
0.9577
0.17857
-0.79559
-0.90094
-0.02211
0.88095
0.82124
-0.13629
-0.94486
-0.72001
0.29261
0.98509
0.59931
-0.44268
-0.99994
-0.46184
0.58236
0.98837
0.31086
-0.70758
-0.94999
-0.15014
0.81453
0.88518
-0.01607
-0.89974
-0.79509
0.18322
0.96023
0.68166
-0.34651
-0.99363
-0.54761
0.50108
0.99829
0.39638
-0.64211
-0.97334
-0.2321
0.76501
0.91882
0.05946
-0.86556
-0.83571
0.11639
0.94008
0.72589
-0.28998
-0.9856
-0.59225
0.4557
0.99995
0.43853
-0.60798
-0.98194
-0.2693
0.74148
0.93139
0.08985
-0.85129
-0.84926
0.09399
0.93312
0.73763
-0.276
-0.98352
-0.59969
0.4498
0.99998
0.4397
-0.60905
-0.98118
-0.26289
0.74769
0.92698
0.07529
-0.86022
-0.83859
0.11643
0.94189
0.71853
-0.3052
-0.98897
-0.57065
0.48382
0.99891
0.39998
-0.6452
-0.97052
-0.21265
0.78268
0.90408
0.01568
-0.89031
-0.80143
0.18329
0.96316
0.66593
-0.37626
-0.99752
-0.50241
0.55518
0.99118
0.31706
-0.71232
-0.94356
-0.1172
0.84062
0.85581
-0.08898
-0.934
-0.73088
0.29272
0.98772
0.57345
-0.48507
-0.9986
-0.38978
0.65729
0.9653
0.18757
-0.80126
-0.88845
0.02443
0.90987
0.77068
-0.23669
-0.97744
-0.61663
0.43935
0.99999
0.43279
-0.62271
-0.9756
-0.22732
0.77766
0.90451
0.00966
-0.89618
-0.78927
0.20985
0.97177
0.6347
-0.42041
-0.99988
-0.44771
0.61136
0.97821
0.23711
-0.77269
-0.90693
-0.01317
0.89559
0.78875
-0.21282
-0.97299
-0.62896
0.42909
0.99999
0.43519
-0.62405
-0.97425
-0.21713
0.78689
0.89616
-0.0139
-0.90821
-0.76904
0.24554
0.98063
0.59898
-0.46502
-0.99924
-0.39467
0.65987
0.96206
0.167
-0.81863
-0.87019
0.07148
0.93161
0.72795
-0.30722
-0.99146
-0.54271
0.52643
0.99375
0.32461
-0.71592
-0.93736
-0.08602
0.86386
0.82464
-0.15907
-0.96062
-0.66145
0.39589
0.99943
0.45692
-0.60973
-0.97691
-0.22302
0.78692
0.89342
-0.02611
-0.91572
-0.75322
0.27496
0.98713
0.5643
-0.50758
-0.99561
-0.33802
0.70867
0.93958
0.08853
-0.86455
-0.82164
0.16813
0.96417
0.64862
-0.41497
-0.99996
-0.43122
0.63522
0.96846
0.18348
-0.81347
-0.87075
0.07812
0.93677
0.71251
-0.33568
-0.99569
-0.50381
0.57111
0.98506
0.25857
-0.76741
-0.90454
0.00634
0.90994
0.75882
-0.27214
-0.98756
-0.55743
0.51952
0.9936
0.31425
-0.73004
-0.9265
-0.04663
0.88749
0.79015
-0.22581
-0.97926
-0.59373
0.48259
0.99739
0.35127
-0.70387
-0.93939
-0.08067
0.8721
0.80858
-0.19751
-0.97337
-0.61408
0.46159
0.99874
0.37028
-0.69049
-0.94506
-0.09584
0.8654
0.81546
-0.18761
-0.97142
-0.61932
0.45721
0.9989
0.37168
-0.69065
-0.94443
-0.09222
0.86808
0.81135
-0.19624
-0.97386
-0.60968
0.46956
0.99804
0.35549
-0.70432
-0.93739
-0.06977
0.87985
0.79591
-0.22329
-0.98011
-0.58473
0.49828
0.99529
0.32139
-0.73076
-0.92283
-0.02843
0.89952
0.76798
-0.2684
-0.98855
-0.54348
0.54241
0.98869
0.26873
-0.76836
-0.89871
0.03183
0.92485
0.72565
-0.3308
-0.99644
-0.48444
0.60029
0.97528
0.19678
-0.81457
-0.86209
0.11076
0.95255
0.66642
-0.40908
-1
-0.40593
0.66933
0.95111
0.105
-0.86572
-0.80937
0.20749
0.97813
0.58748
-0.50088
-0.99433
-0.30639
0.74573
0.91144
-0.00655
-0.91682
-0.73651
0.32017
0.99587
0.48609
-0.60253
-0.9736
-0.18485
0.82422
0.85099
-0.13675
-0.96149
-0.63949
0.44546
0.99892
0.36012
-0.70865
-0.93126
-0.04155
0.89787
0.76438
-0.28277
-0.99192
-0.51491
0.57805
0.97948
0.20877
-0.81189
-0.86055
0.12137
0.95797
0.64683
-0.43952
-0.99908
-0.36077
0.71026
0.92934
0.03335
-0.90273
-0.7552
0.29913
0.99427
0.49504
-0.59905
-0.97324
-0.17746
0.83176
0.84066
-0.16176
-0.96961
-0.6105
0.4836
0.99544
0.30836
-0.75026
-0.90487
0.03115
0.92968
0.70718
-0.36831
-0.99953
-0.42462
0.66285
0.95013
0.09005
-0.87886
-0.78602
0.25669
0.9892
0.52578
-0.5735
-0.97915
-0.20016
0.82111
0.84853
-0.15141
-0.96805
-0.61213
0.48548
0.99481
0.29828
-0.75995
-0.89662
0.05434
0.93943
0.68447
-0.40139
-0.99996
-0.38414
0.69836
0.93238
0.03326
-0.90636
-0.74398
0.32323
0.99731
0.45793
-0.63881
-0.95797
-0.11069
0.87146
0.79206
-0.25247
-0.98936
-0.5202
0.5833
0.97545
0.17764
-0.83699
-0.83013
0.19014
0.9783
0.57165
-0.53339
-0.98673
-0.23408
0.80478
0.85963
-0.13693
-0.96604
-0.61308
0.49028
0.99349
0.28018
-0.77635
-0.88184
0.09327
0.95412
0.6453
-0.45484
-0.99718
-0.31618
0.75286
0.89789
-0.0594
-0.94381
-0.66903
0.42772
0.99893
0.34236
-0.73516
-0.90872
0.03544
0.93605
0.68485
-0.40933
-0.99963
-0.35898
0.72387
0.91498
-0.02144
-0.93149
-0.69319
0.39995
0.99983
0.36622
-0.71936
-0.91709
0.01742
0.93048
0.69429
-0.39969
-0.99982
-0.36416
0.72177
0.9152
-0.02338
-0.93309
-0.68817
0.40857
0.99955
0.35276
-0.73101
-0.90918
0.03931
0.93914
0.67468
-0.42646
-0.9987
-0.33192
0.7468
0.89863
-0.06521
-0.94813
-0.65343
0.45311
0.99664
0.30141
-0.7686
-0.88288
0.101
0.95928
0.62387
-0.4881
-0.99246
-0.26096
0.79564
0.86104
-0.14654
-0.97153
-0.58534
0.53081
0.98494
0.21029
-0.82683
-0.83199
0.20156
0.98347
0.53703
-0.58037
-0.9726
-0.14919
0.86079
0.79442
-0.26559
-0.9934
-0.47816
0.6356
0.9537
0.07757
-0.89577
-0.74695
0.33788
0.99928
0.40795
-0.69497
-0.9263
0.00444
0.92967
0.6881
-0.41733
-0.99879
-0.32582
0.75651
0.8883
-0.09637
-0.95995
-0.61651
0.50235
0.98932
0.23145
-0.81777
-0.83757
0.19727
0.98372
0.53097
-0.59086
-0.96808
-0.12494
0.87579
0.77203
-0.30565
-0.99773
-0.43065
0.68011
0.93219
0.00698
-0.9271
-0.68983
0.41927
0.99844
0.31522
-0.7667
-0.87883
0.12099
0.96774
0.58954
-0.53512
-0.98216
-0.18511
0.84653
0.80542
-0.25663
-0.99337
-0.4704
0.64929
0.94526
0.04168
-0.91486
-0.70993
0.39656
0.99941
0.33256
-0.75695
-0.88438
0.11255
0.96641
0.59111
-0.53625
-0.98129
-0.17736
0.85242
0.79679
-0.2737
-0.99557
-0.44885
0.66998
0.93476
0.0076
-0.92931
-0.68073
0.43648
0.99668
0.28456
-0.79096
-0.85634
0.17222
0.98079
0.53591
-0.59407
-0.96452
-0.10145
0.89145
0.74379
-0.35578
-0.99999
-0.36387
0.73828
0.89479
-0.09514
-0.96321
-0.59665
0.53491
0.98056
0.16847
-0.85982
-0.78477
0.2976
0.99796
0.41682
-0.69974
-0.91737
0.04384
0.94876
0.63399
-0.49606
-0.98814
-0.20902
0.83911
0.8073
-0.26381
-0.99529
-0.44493
0.67864
0.92782
-0.01878
-0.94123
-0.6501
0.47948
0.9906
0.22359
-0.83203
-0.81367
0.25527
0.9946
0.44921
-0.67661
-0.92809
0.02008
0.94235
0.64602
-0.48595
-0.98927
-0.21243
0.83942
0.80457
-0.27217
-0.99644
-0.42983
0.6938
0.91825
-0.04772
-0.95187
-0.62149
0.51516
0.98341
0.17535
-0.86039
-0.77901
0.31412
0.99926
0.38607
-0.7289
-0.89642
0.10159
0.96754
0.57497
-0.56571
-0.97025
-0.11186
0.89222
0.73446
-0.37998
-0.99943
-0.31652
0.77899
0.85898
-0.18115
-0.98506
-0.50391
0.63481
0.94506
0.02157
-0.93014
-0.66708
0.46743
0.99125
0.21959
-0.83917
-0.80075
0.2849
0.99793
0.40531
-0.71778
-0.90137
0.09518
0.96713
0.57233
-0.57234
-0.96705
-0.09422
0.90218
0.71559
-0.4096
-0.99749
-0.27649
0.80744
0.83143
-0.23632
-0.99376
-0.44576
0.68798
0.9176
-0.059
-0.95808
-0.5972
0.54928
0.97312
0.11634
-0.89363
-0.7271
0.39695
0.99821
0.28437
-0.80425
-0.83287
0.23653
0.99409
0.44053
-0.69422
-0.91299
0.07323
0.96283
0.58115
-0.56809
-0.96694
-0.0882
0.90715
0.70341
-0.43038
-0.99507
-0.24354
0.83025
0.80538
-0.28553
-0.99848
-0.38925
0.73558
0.88596
-0.13765
-0.97888
-0.52245
0.62677
0.94478
0.00947
-0.93845
-0.64094
0.50741
0.98211
0.15254
-0.8797
-0.74319
0.38098
0.9988
0.28873
-0.80534
-0.82828
0.25073
0.99615
0.41574
-0.71817
-0.89585
0.11963
0.97579
0.5318
-0.62098
-0.94602
-0.00971
0.9396
0.6356
-0.51646
-0.97935
-0.13502
0.88963
0.72632
-0.40714
-0.99672
-0.25443
0.82797
0.80353
-0.29537
-0.99929
-0.36644
0.75676
0.86721
-0.18322
-0.98839
-0.46992
0.67805
0.91761
-0.07251
-0.9655
-0.56408
0.59379
0.95528
0.0352
-0.93216
-0.64845
0.50581
0.98094
0.13864
-0.88995
-0.72282
0.41576
0.99551
0.2368
-0.84041
-0.78722
0.32511
1
0.32891
-0.78502
-0.84191
0.23516
0.99549
0.41445
-0.72521
-0.88729
0.14701
0.9831
0.49307
-0.66226
-0.9239
0.06156
0.96396
0.56464
-0.59738
-0.95239
-0.02044
0.93919
0.62917
-0.53163
-0.97346
-0.09842
0.90984
0.68679
-0.46596
-0.98788
-0.17197
0.87693
0.73776
-0.40119
-0.99641
-0.24078
0.8414
0.78241
-0.33802
-0.99985
-0.30469
0.80413
0.82114
-0.27704
-0.99895
-0.36362
0.7659
0.8544
-0.21873
-0.99447
-0.41759
0.72744
0.88265
-0.16347
-0.98711
-0.46668
0.68937
0.90639
-0.11157
-0.97754
-0.51103
0.65225
0.9261
-0.06326
-0.96637
-0.5508
0.61658
0.94226
-0.0187
-0.95417
-0.5862
0.58277
0.95534
0.022
-0.94147
-0.61746
0.55117
0.96577
0.05877
-0.92872
-0.64479
0.52209
0.97396
0.09158
-0.91633
-0.66843
0.49579
0.98028
0.12042
-0.90467
-0.68859
0.47246
0.98506
0.1453
-0.89403
-0.70547
0.45228
0.98861
0.16624
-0.8847
-0.71925
0.43537
0.99117
0.18328
-0.87688
-0.7301
0.42186
0.99295
0.19643
-0.87074
-0.73814
0.4118
0.99412
0.20574
-0.86642
-0.74347
0.40526
0.99479
0.21122
-0.864
-0.74617
0.40228
0.99504
0.21289
-0.86353
-0.74627
0.40286
0.9949
0.21074
-0.86503
-0.74376
0.40701
0.99435
0.20477
-0.86846
-0.73862
0.4147
0.99332
0.19498
-0.87375
-0.73078
0.4259
0.99173
0.18133
-0.8808
-0.72014
0.44053
0.9894
0.1638
-0.88944
-0.70658
0.45852
0.98614
0.14236
-0.89949
-0.68993
0.47975
0.98172
0.11698
-0.9107
-0.67002
0.50407
0.97585
0.08764
-0.92279
-0.64664
0.5313
0.96821
0.05433
-0.93542
-0.61959
0.56123
0.95843
0.01705
-0.9482
-0.58863
0.59359
0.94612
-0.02414
-0.96069
-0.55354
0.62806
0.93085
-0.06918
-0.97241
-0.51409
0.66425
0.91215
-0.11796
-0.98282
-0.47009